Catch in Numbers (thousands) (13/Mar/2018 17:31)
    1       2
  1947     2017
    0       9
    1
        0       0  494000   415000  638000  526000  756000  431000 1311000     NA   #1947
        0    3000  247000   672000  328000  601000  487000  400000  917000     NA   #1948
        0       0  478000   644000  396000  287000  652000  462000 1037000     NA   #1949
        0       0  535000  1039000  617000  290000  254000  331000  597000     NA   #1950
        0  462000  660000   959000 1255000  630000  262000  142000  445000     NA   #1951
        0  722000 1346000   576000  610000  652000  464000  236000  554000     NA   #1952
   150000 1023000 1322000  1003000  474000  386000  473000  278000  392000     NA   #1953
   219000 1451000 1493000  1111000  591000  361000  330000  379000  511000     NA   #1954
   164000 2072000 1931000  1032000  479000  337000  232000  120000  215000     NA   #1955
    96000 1697000 1860000  1221000  516000  249000  194000  104000  292000     NA   #1956
   279000 1483000 1644000   736000  644000  344000  207000  147000  253000     NA   #1957
    97000 4279000 1029000   999000  322000  461000  147000   73000  118000     NA   #1958
        0 1609000 4934000   488000  497000  233000  249000  120000  301000     NA   #1959
   194600 2392700 1142300  1966700  165900  167700  112900  125800  128600  142000  #1960
  1269200  336000 1889400   479900 1455900  124000  157900   61400   56000   87500  #1961
   141800 2146900  269600   797400  335100 1081800  126900  145100   86300   86800  #1962
   442800 1262200 2961200   177200  158300   80600  229700   22400   42000   51000  #1963
   496900 2971700 1547500  2243100  148400  149000   95000  256300   26300   57700  #1964
   157100 3209300 2217600  1324600 2039400  145100  151900  117600  413000   78400  #1965
   374500 1383100 2569700   741200  450100  889800   45300   64800   95500  236300  #1966
   645400 1674300 1171500  1364700  371500  297800  393100   67900   81600  172800  #1967
   839300 2425000 1795200  1494300  621400  157100  145000  163400   13700   91800  #1968
   112000 2503300 1883000   296300  133100  190800   49900   42700   27400   25100  #1969
   898100 1196200 2002800   883600  125200   50300   61000    7900   12000   12200  #1970
   684000 4378500 1146800   662500  208300   26900   30500   26800     100   12400  #1971
   750400 3340600 1440500   343800  130600   32900    5000     200    1100     400  #1972
   289400 2368000 1344200   659200  150200   59300   30600    3700    1400     600  #1973
   996100  846100  772600   362000  126000   56100   22300    5000    2000    1100  #1974
   263800 2460500  541700   259600  140500   57200   16100    9100    3400    1400  #1975
   238200  126600  901500   117300   52000   34500    6100    4400    1000     400  #1976
   256800  144300   44700   186400   10800    7000    4100    1500     700       0  #1977
   130000  168600    4900     5700    5000     300     200     200     200     300  #1978
   542000  159200   34100    10000   10100    2100     200     800     600     100  #1979
  1262700  245100  134000    91800   32200   21700    2300    1400     400     100  #1980
  9519700  872000  284300    56900   39500   28500   22700   18700    5500    1100  #1981
 11956700 1116400  299400   230100   33700   14400    6800    7800    3600    1100  #1982
 13296900 2448600  573800   216400  105100   26200   22800   12800   11000   12100  #1983
  6973300 1818400 1146200   441400  201500   81100   22600   25200   11100   18600  #1984
  4211000 3253000 1326300  1182400  368500  124500   43600   20200   13100   16100  #1985
  3724700 4801400 1266700   840800  465900  129800   62100   20500   13600   14800  #1986
  8229200 6836300 2137200   667900  467100  245800   74700   23800    8000    8200  #1987
  3164800 7867000 2232500  1090700  383700  255800  128100   38000   15300    8500  #1988
  3057800 3145900 1593700  1363800  809300  211800  123700   61000   19500    8700  #1989
  1302800 3020000  899300   779100  861000  387500   80200   54400   28800   11900  #1990
  2386600 2138900 1132800   556700  548900  501200  205300   39300   25600   13000  #1991
 10331300 2303100 1284900   442700  361500  360500  375600  152400   39200   23300  #1992
 10265400 3826800 1176300   609000  305500  215600  226000  188000   87300   41700  #1993
  4498900 1785200 1783200   489100  347600  109000   91800   76400   70000   46600  #1994
  7438469 1664874 1444061   816703  231794  118536   55128   41409   68955   29245  #1995
  2311226 1606393  642084   525601  172099   57586   22534    9264   17195    3948  #1996
   431175  479702  687920   446909  284920  109178   31389   11832   18770    5697  #1997
   259526  977680 1220105   537932  276333  175817   88927   15232   16766    3784  #1998
  1566349  303520  616354  1058716  294066  135648   69299   27998   10174    2054  #1999
  1105085 1171677  622853   463170  646814  213466   82481   35706   14624    2463  #2000
  1832691  614469  842635   485628  278884  321743   90918   38252   17910    2692  #2001
   730279  837557  579592   970577  292205  140701  174570   48908   34620    8702  #2002
   369074  617021 1221992   529386  835552  244780  107751  123291   37671    9044  #2003
   715597  206648  447918  1366155  543376  753231  169324  104945   65341   31801  #2004
  1015554  715547  355453   485746 1318647  479961  576154  115212   88311   58497  #2005
   878637  222111  401087   310602  464620  997782  252150  247042   63035   43377  #2006
   621005  235553  219115   417452  285746  309454  629187  147830  133388   23362  #2007
   798284  235022  331772   184771  199069  137529  118349  215542   74339   42919  #2008
   650043  175923  259434   106738   93321   86137   37951   53130  110394   32737  #2009
   574895  280728  293887   236804  126241   83893   61542   33305   59142   54533  #2010
   778927  159504  367820   275016  218711  130127   62938   52081   60028   65706  #2011
   773241  284906  455259   673465  404265  306234  152577  104461   90607  114820  #2012
   461571  413000  324920   485185  571269  422765  327213  145330  152815  160823  #2013
  1388685  370590  382990   386131  616563  487582  284562  191729   91696  122817  #2014
   538228  394878  551802   247555  282813  461041  432034  271280  167509  170302  #2015
  1583568  109135  625483   818585  293372  280451  367844  307347  185926  173150  #2016
   462148  209356  108706  1079854  837770  222790  145511  175533  106576  114720  #2017