Herring in Sub-area IV, Divisions VIId & IIIa (autumn-spawners) (13/Mar/2018 17:31)
     104
HERAS
    1989      2017
       1         1      0.54    0.56
       1         9
       1        -1   4090000 3903000 1633000  492000  283000  120000   44000   22000  #1989
       1        -1   3306000 3521000 3414000 1366000  392000  210000  133000   43000  #1990
       1        -1   2634000 1700000 1959000 1849000  644000  228000   94000   51000  #1991
       1        -1   3734000 1378000 1147000 1134000 1246000  395000  114000  104000  #1992
       1        -1   2984000 1637000  902000  741000  777000  551000  180000  116000  #1993
       1        -1   3185000  839000  399000  381000  321000  326000  219000  131000  #1994
       1        -1   3849000 2041000  672000  299000  203000  138000  119000   93000  #1995
       1        -1   4497000 2824000 1087000  311000   99000   83000  133000  206000  #1996
       1   9361000   5960000 2935000 1441000  601000  215000   46000   78000  159000  #1997
       1   4449000   5747000 2520000 1625000  982000  445000  170000   45000  121000  #1998
       1   5087000   3078000 4725000 1116000  506000  314000  139000   54000   87000  #1999
       1  24736000   2923000 2156000 3140000 1007000  483000  266000  120000   97000  #2000
       1   6837000  12290000 3083000 1462000 1676000  450000  170000   98000   59000  #2001
       1  23055000   4875000 8220000 1390000  794600 1031000  244400  121000  149500  #2002
       1   9829400  18949400 3081000 4188900  675100  494800  568300  145500  177700  #2003
       1   5183700   3415900 9191800 2167300 2590700  317100  327600  342050  185600  #2004
       1   3114100   2055100 3648500 5789600 1212900 1174900  139900  126500  106700  #2005
       1   6822800   3772300 1997200 2097500 4175100  618200  562100   84300   70400  #2006
       1   6261000   2750000 1848000  898000  806000 1323000  243000  152000   65000  #2007
       1   3714000   2853000 1709000 1485000  809000  712000 1749000  185000  270000  #2008
       1   4655000   5632000 2553000 1023000 1077000  674000  638000 1142000  578000  #2009
       1  14577000   4237000 4216000 2453000 1246000 1332000  688000 1110000 1619000  #2010
       1  10119000   4166000 2534000 2173000 1016000  651000  688000  440000 1297000  #2011
       1   7437000   4719000 4067000 1738000 1209000  593000  247000  218000  478000  #2012
       1   6388000   2683000 3031000 2895000 1546000  849000  464000  250000  592000  #2013
       1  11634000   4918000 2827000 2939000 1791000 1236000  669000  211000  250000  #2014
       1   6714000   9495000 2831000 1591000 1549000  926000  520000  275000  221000  #2015
       1   9034000  12011000 5832000 1273000  822000  909000  395000  220000  146000  #2016
       1   3054000   1761000 6095000 3142000  787000  365000  298000  153000  140000  #2017
IBTS-Q1
    1984      2018
       1         1      0.1008259  0.1008259 
       1         6
       1 1200065.61 124500.08 35719.18 13646.89 3161 2752.82
       1 1827505.43 299612.54 73388.42 19014.65 8261.68 2906.15
       1 2009710.73 101694.71 35610.75 16508.08 6456.49 4897.64
       1 3874556.39 317813.66 41960.38 14507.04 8161.62 2737.9
       1 1781205.39 1410255.06 158289.04 16936.7 7349.09 2173.11
       1 2058513.33 378575.57 141384.65 31193.72 4838.68 1851.02
       1 973630.42 290805.48 112923.18 53228.12 15293.79 3505.59
       1 1320854.84 193801.49 73393.56 47234.48 26240.63 9268.28
       1 1396086.5 97914.76 21130.49 9888.15 7880.31 5501.32
       1 2250277.71 347380.93 63550.02 17651.05 9096.29 6289.56
       1 3398942.88 170760.83 34356.68 12325.84 9608.74 3476.61
       1 2748782.01 180266.4 28546.24 7251.76 793.08 1382.19
       1 1576620.93 252720.15 37580.31 8292.7 2778.16 1467.32
       1 1835765.35 209521.2 46968.07 13278.81 4483.91 1798.14
       1 1980139.15 309058.09 29739.5 7620.63 7658.24 3175.95
       1 830866.75 195539.07 92535.47 15368.2 6381.02 3910.18
       1 2559827.36 105091.16 33109.97 11025.32 3222.11 1495.56
       1 1954340.13 519660.76 55465.93 29421.11 14305.48 3749.16
       1 2159779.51 151681.51 79982.34 11194.02 6150.58 4201.6
       1 1625303.66 1061347.55 98190.12 57323.29 8161.77 8441.97
       1 885753.74 159401.81 116001.67 18172.43 15282.06 5276.63
       1 1113741.84 73401.86 40040.2 28730.2 7666.2 6975.32
       1 861818.38 97645.37 17634.45 17551.74 14549.7 12361.97
       1 1055039.74 56992.23 11922.53 3712.66 4618.87 6281.34
       1 930518.66 75999.31 18629.64 6779.21 4923.38 8056.02
       1 879570.91 53281.25 18042.09 6305.26 2689.77 10329.53
       1 1114439.29 55117.28 9719.42 6885.37 3517.79 7334.72
       1 1938592.56 125439.22 20876.49 8332.37 8620.63 7012.21
       1 999588.73 125951.93 63967.58 12645.83 7402.43 10170.79
       1 605185.75 88868.9 29814.15 14507.22 3568.9 4873.58
       1 1982378.63 138249.32 20654.4 9746.13 7563.59 4830.8
       1 2366536.25 149143.93 21791.02 8303.51 4392.62 4206.3
       1 689265.93 506243.63 79764.62 16560.78 5916.88 4932.16
       1 1639093.84 118575.47 67729.24 23417.92 7731.23 5748.04
       1 837685.98 135497.06 28391.34 33361.28 13837.88 5075.63
IBTS0
    1992      2018
       1         1      0.08    0.17
       0         0
       1    164.0898803
       1    195.7570752
       1    155.1367729
       1    170.4691405
       1    106.2640189
       1    134.6797615
       1    51.71665629
       1    255.4222492
       1    109.8236552
       1    341.3017583
       1    150.703848
       1    70.83748373
       1    43.88170975
       1    82.06044793
       1    64.41743482
       1    50.91532231
       1    39.5337111
       1    99.18410728
       1    74.10115588
       1    77.63465975
       1    65.07967589
       1    61.17655561
       1    113.7962713
       1    21.76008383
       1    81.69031199
       1    27.8320186
       1    101.375565486939
IBTS-Q3
    1998       2017 
       1          1        0.6084662 0.6084662 
       0          6 
       1 809884.08 459921.05 282973.66 93277.78 25071.09 10425.58 9067.47
       1 4957939.84 319854.26 208522.66 124033.62 47751.81 16800.97 14341.52
       1 1922076.54 843229.79 259002.29 117051.53 64343.46 16212.52 17898.3
       1 1999688.9 350409.34 219541.09 94930.58 40080.02 23914.25 13957.78
       1 2466216.13 2155070.02 441986.34 346174.96 76558.24 29840.56 29282.78
       1 969707.28 519726.6 562659.64 146139.66 105775.75 17584.16 22748.83
       1 2331889.15 428579.82 282623.22 414634.55 89656 46513.66 26412.28
       1 1185202.68 424610.76 113574.82 82591.14 92568.88 28884.07 31629.99
       1 1129176.02 318627.85 195043.26 77621.43 43062.54 48443.52 31908.23
       1 2441139.35 145702.19 91700.49 97855.7 46634.83 27808.31 66594.38
       1 596626.09 165957.86 112271.03 57854.52 32560.49 17079.33 46665.59
       1 3134366.57 223066.73 92334.31 59685.53 24396.34 10890.14 30861.76
       1 1460236.23 558082.08 171985.74 79258.39 33666.16 13925.71 42926.33
       1 892696.55 344193.71 174117.22 96775.32 46286.29 19640.8 37051.15
       1 857355.84 225043.98 88563.03 63242.19 34625.79 19499.81 34794.56
       1 1991893.86 281449.38 136655.85 117465.23 77729.69 35465.25 62991.02
       1 8018296.28 481310.32 191344.62 84301.72 72043.55 40290.15 50695.51
       1 590372.88 783067.98 344187.42 122489.08 61761.81 40574.18 74700.9
       1 1894054.22 184282.82 351831.22 206248.07 61778.08 38223.84 75548.85
       1 920449.78 310928.26 73741.87 193570.02 117620.29 35496.92 67083.96