Mean Weight in Catch (kilograms)     (13/Mar/2018 17:31)
   1       3
  1947    2017
   0       9
   1
   0.015   0.050   0.122   0.140    0.156   0.171   0.185   0.197   0.213     NA   #1947
   0.015   0.050   0.122   0.140    0.156   0.171   0.185   0.197   0.213     NA   #1948
   0.015   0.050   0.128   0.145    0.161   0.176   0.189   0.201   0.216     NA   #1949
   0.015   0.050   0.128   0.151    0.166   0.180   0.193   0.204   0.219     NA   #1950
   0.015   0.050   0.134   0.157    0.176   0.189   0.201   0.211   0.224     NA   #1951
   0.015   0.050   0.137   0.165    0.183   0.199   0.210   0.219   0.231     NA   #1952
   0.015   0.050   0.137   0.167    0.190   0.205   0.218   0.226   0.237     NA   #1953
   0.015   0.050   0.139   0.169    0.193   0.211   0.223   0.233   0.242     NA   #1954
   0.015   0.050   0.140   0.170    0.195   0.214   0.228   0.238   0.248     NA   #1955
   0.015   0.050   0.140   0.172    0.197   0.216   0.231   0.242   0.251     NA   #1956
   0.015   0.050   0.141   0.173    0.198   0.218   0.233   0.244   0.254     NA   #1957
   0.015   0.050   0.141   0.174    0.199   0.219   0.234   0.245   0.256     NA   #1958
   0.015   0.050   0.143   0.176    0.201   0.221   0.236   0.247   0.258     NA   #1959
   0.015   0.050   0.126   0.176    0.211   0.243   0.251   0.267   0.271   0.271  #1960
   0.015   0.050   0.126   0.176    0.211   0.243   0.251   0.267   0.271   0.271  #1961
   0.015   0.050   0.126   0.176    0.211   0.243   0.251   0.267   0.271   0.271  #1962
   0.015   0.050   0.126   0.176    0.211   0.243   0.251   0.267   0.271   0.271  #1963
   0.015   0.050   0.126   0.176    0.211   0.243   0.251   0.267   0.271   0.271  #1964
   0.015   0.050   0.126   0.176    0.211   0.243   0.251   0.267   0.271   0.271  #1965
   0.015   0.050   0.126   0.176    0.211   0.243   0.251   0.267   0.271   0.271  #1966
   0.015   0.050   0.126   0.176    0.211   0.243   0.251   0.267   0.271   0.271  #1967
   0.015   0.050   0.126   0.176    0.211   0.243   0.251   0.267   0.271   0.271  #1968
   0.015   0.050   0.126   0.176    0.211   0.243   0.251   0.267   0.271   0.271  #1969
   0.015   0.050   0.126   0.176    0.211   0.243   0.251   0.267   0.271   0.271  #1970
   0.015   0.050   0.126   0.176    0.211   0.243   0.251   0.267   0.271   0.271  #1971
   0.015   0.050   0.126   0.176    0.211   0.243   0.251   0.267   0.271   0.271  #1972
   0.015   0.050   0.126   0.176    0.211   0.243   0.251   0.267   0.271   0.271  #1973
   0.015   0.050   0.126   0.176    0.211   0.243   0.251   0.267   0.271   0.271  #1974
   0.015   0.050   0.126   0.176    0.211   0.243   0.251   0.267   0.271   0.271  #1975
   0.015   0.050   0.126   0.176    0.211   0.243   0.251   0.267   0.271   0.271  #1976
   0.015   0.050   0.126   0.176    0.211   0.243   0.251   0.267   0.271   0.271  #1977
   0.015   0.050   0.126   0.176    0.211   0.243   0.251   0.267   0.271   0.271  #1978
   0.015   0.050   0.126   0.176    0.211   0.243   0.251   0.267   0.271   0.271  #1979
   0.015   0.050   0.126   0.176    0.211   0.243   0.251   0.267   0.271   0.271  #1980
   0.007   0.049   0.118   0.142    0.189   0.211   0.222   0.267   0.271   0.271  #1981
   0.010   0.059   0.118   0.149    0.179   0.217   0.238   0.265   0.274   0.275  #1982
   0.010   0.059   0.118   0.149    0.179   0.217   0.238   0.265   0.274   0.275  #1983
   0.010   0.059   0.118   0.149    0.179   0.217   0.238   0.265   0.274   0.275  #1984
   0.009   0.036   0.128   0.164    0.194   0.211   0.220   0.258   0.270   0.292  #1985
   0.006   0.067   0.121   0.153    0.182   0.208   0.221   0.238   0.252   0.262  #1986
   0.011   0.035   0.099   0.150    0.180   0.211   0.234   0.258   0.277   0.299  #1987
   0.011   0.055   0.111   0.145    0.174   0.197   0.216   0.237   0.253   0.263  #1988
   0.017   0.043   0.115   0.153    0.173   0.208   0.231   0.247   0.265   0.259  #1989
   0.019   0.055   0.114   0.149    0.177   0.193   0.229   0.236   0.250   0.287  #1990
   0.017   0.058   0.130   0.166    0.184   0.203   0.217   0.235   0.259   0.271  #1991
   0.01    0.053   0.102   0.175    0.189   0.207   0.223   0.237   0.249   0.287  #1992
   0.01    0.033   0.115   0.145    0.189   0.204   0.228   0.244   0.256   0.31   #1993
   0.006   0.056   0.13    0.159    0.181   0.214   0.24    0.255   0.273   0.281  #1994
   0.009   0.042   0.13    0.169    0.198   0.207   0.243   0.247   0.283   0.276  #1995
   0.015   0.018   0.112   0.156    0.188   0.204   0.212   0.261   0.28    0.288  #1996
   0.015   0.044   0.108   0.148    0.195   0.227   0.226   0.235   0.244   0.291  #1997
   0.021   0.051   0.114   0.145    0.183   0.219   0.238   0.247   0.289   0.283  #1998
   0.009   0.045   0.115   0.151    0.171   0.207   0.233   0.245   0.261   0.301  #1999
   0.015   0.033   0.113   0.157    0.179   0.201   0.216   0.246   0.275   0.262  #2000
   0.012   0.048   0.118   0.149    0.177   0.198   0.213   0.238   0.267   0.288  #2001
   0.012   0.037   0.118   0.153    0.17    0.199   0.214   0.228   0.25    0.252  #2002
   0.014   0.037   0.104   0.158    0.174   0.184   0.205   0.222   0.232   0.256  #2003
   0.014   0.036   0.1     0.138    0.183   0.201   0.216   0.228   0.246   0.272  #2004
   0.011   0.044   0.099   0.153    0.166   0.208   0.223   0.24    0.257   0.278  #2005
   0.01    0.049   0.117   0.144    0.172   0.181   0.22    0.237   0.235   0.262  #2006
   0.0124  0.0638  0.1214  0.1513   0.1634  0.1933  0.19    0.2232  0.2349  0.2523 #2007
   0.0079  0.0535  0.1288  0.1796   0.1812  0.1832  0.2157  0.2161  0.256   0.2726 #2008
   0.0094  0.0514  0.144   0.1811   0.2158  0.2162  0.239   0.2428  0.2476  0.2724 #2009
   0.0075  0.0571  0.1292  0.1669   0.1912  0.2203  0.2193  0.216   0.2334  0.2438 #2010
   0.008   0.0413  0.1317  0.1593   0.1831  0.197   0.2167  0.2211  0.2234  0.2397 #2011
   0.0106  0.0463  0.1243  0.1706   0.1854  0.2058  0.2215  0.2387  0.2392  0.2455 #2012
   0.0077  0.0468  0.1162  0.1563   0.1977  0.198   0.2154  0.2334  0.2341  0.2414 #2013
   0.0075  0.0522  0.124   0.1719   0.1861  0.2148  0.2118  0.2264  0.2442  0.2415 #2014
   0.0087  0.0261  0.1135  0.1538   0.1883  0.2001  0.2212  0.217   0.2264  0.2429 #2015
   0.0071  0.0265  0.1267  0.1549   0.1803  0.2059  0.2151  0.2313  0.2211  0.2394 #2016
   0.009   0.038   0.099   0.156    0.173   0.188   0.215   0.220   0.230   0.231  #2017